-1.018690000000000095e+00 1.110819999999999919e+00
-9.211559999999999748e-01 1.189840000000000009e+00
-8.910280000000000422e-01 1.091250000000000053e+00
-9.766669999999999519e-01 9.746430000000000371e-01
-9.721889999999999699e-01 1.017609999999999904e+00
-8.969179999999999930e-01 8.557529999999999859e-01
-1.135799999999999921e+00 9.578919999999999657e-01
-9.382930000000000437e-01 9.764599999999999946e-01
-8.477339999999999876e-01 1.032999999999999918e+00
-8.732400000000000162e-01 1.145769999999999955e+00
-7.972280000000000477e-01 1.091769999999999907e+00
-1.223870000000000013e+00 1.105569999999999942e+00
-1.105900000000000105e+00 7.909399999999999764e-01
-9.847510000000000430e-01 9.312009999999999454e-01
-9.873549999999999827e-01 1.052229999999999999e+00
-1.248380000000000045e+00 8.550520000000000342e-01
-1.069590000000000041e+00 8.624669999999999837e-01
-9.714089999999999669e-01 1.059080000000000021e+00
-9.260659999999999448e-01 1.046680000000000055e+00
-1.083709999999999951e+00 1.011269999999999891e+00
-9.435980000000000478e-01 9.531519999999999992e-01
-8.954149999999999610e-01 1.044580000000000064e+00
-1.004159999999999942e+00 1.012399999999999967e+00
-8.245219999999999771e-01 9.323000000000000176e-01
-9.582720000000000127e-01 1.037479999999999958e+00
-9.360600000000000032e-01 9.673249999999999904e-01
-9.659889999999999866e-01 1.042820000000000080e+00
-9.165750000000000286e-01 1.113220000000000098e+00
-1.045460000000000056e+00 1.015449999999999964e+00
-9.518419999999999659e-01 1.044999999999999929e+00
-9.101069999999999993e-01 1.090810000000000057e+00
-9.978209999999999580e-01 9.653570000000000206e-01
-9.979510000000000325e-01 9.760710000000000219e-01
-1.030999999999999917e+00 1.002610000000000001e+00
-1.075590000000000046e+00 8.683490000000000375e-01
-1.014059999999999961e+00 1.087139999999999995e+00
-1.000490000000000101e+00 1.030829999999999913e+00
-8.813290000000000290e-01 8.057100000000000373e-01
-1.102559999999999985e+00 1.029919999999999947e+00
-9.184189999999999854e-01 1.039109999999999978e+00
-1.031789999999999985e+00 1.030620000000000092e+00
-9.126769999999999605e-01 9.774460000000000370e-01
-1.182670000000000110e+00 8.403530000000000166e-01
-9.707599999999999563e-01 1.068230000000000013e+00
-8.086069999999999647e-01 1.252820000000000045e+00
-8.145860000000000323e-01 7.652569999999999650e-01
-1.102309999999999901e+00 1.025039999999999951e+00
-1.178790000000000004e+00 9.223940000000000472e-01
-1.121520000000000072e+00 9.374369999999999647e-01
-1.068740000000000023e+00 1.128519999999999968e+00
-1.088030000000000053e+00 1.057590000000000030e+00
-8.212749999999999773e-01 8.863520000000000287e-01
-9.949329999999999563e-01 9.889869999999999495e-01
-1.179140000000000077e+00 1.069970000000000088e+00
-9.816359999999999530e-01 1.077239999999999975e+00
-1.009090000000000042e+00 8.601339999999999542e-01
-9.196609999999999507e-01 1.086000000000000076e+00
-9.180399999999999672e-01 1.077010000000000023e+00
-1.068920000000000092e+00 8.755859999999999754e-01
-8.654610000000000358e-01 1.014100000000000001e+00
-8.708970000000000322e-01 1.119289999999999896e+00
-8.936359999999999859e-01 1.023349999999999982e+00
-1.023490000000000011e+00 1.075599999999999890e+00
-8.975389999999999757e-01 1.110610000000000097e+00
-8.121390000000000553e-01 1.149639999999999995e+00
-9.566789999999999461e-01 8.387310000000000043e-01
-9.868679999999999675e-01 1.017800000000000038e+00
-1.057139999999999969e+00 1.074780000000000069e+00
-9.428710000000000147e-01 9.093780000000000197e-01
-1.053409999999999958e+00 9.304179999999999673e-01
-9.022409999999999597e-01 9.290089999999999737e-01
-9.226879999999999526e-01 1.179859999999999909e+00
-1.233460000000000001e+00 9.544110000000000094e-01
-1.096859999999999946e+00 8.638559999999999572e-01
-8.691710000000000269e-01 1.067730000000000068e+00
-9.828440000000000509e-01 1.145189999999999930e+00
-1.029560000000000031e+00 1.026920000000000055e+00
-9.948029999999999928e-01 9.073189999999999866e-01
-1.193689999999999918e+00 9.665599999999999747e-01
-1.043269999999999920e+00 9.463629999999999542e-01
-1.021970000000000045e+00 9.590859999999999941e-01
-9.608649999999999691e-01 1.041209999999999969e+00
-9.064959999999999685e-01 9.654420000000000224e-01
-1.109609999999999985e+00 1.000289999999999901e+00
-9.805770000000000319e-01 9.926559999999999828e-01
-1.038669999999999982e+00 8.820729999999999960e-01
-8.590210000000000345e-01 1.116470000000000073e+00
-1.065420000000000034e+00 9.901750000000000274e-01
-1.015020000000000033e+00 9.613899999999999668e-01
-9.529009999999999980e-01 1.061290000000000067e+00
-9.788480000000000514e-01 1.072510000000000074e+00
-8.827019999999999866e-01 1.070349999999999913e+00
-1.212350000000000039e+00 9.157929999999999682e-01
-9.658459999999999823e-01 9.946040000000000436e-01
-9.768989999999999618e-01 9.441840000000000233e-01
-1.128370000000000095e+00 9.217549999999999910e-01
-9.958139999999999770e-01 1.129150000000000098e+00
-1.012110000000000065e+00 9.321319999999999606e-01
-1.022969999999999935e+00 1.022429999999999950e+00
-9.830349999999999921e-01 1.158020000000000049e+00
2.138529999999999820e+00 9.503420000000000201e-01
2.402140000000000164e+00 -1.270310000000000050e+00
8.022209999999999619e-01 5.914570000000000105e-01
9.137920000000000487e-01 -1.996410000000000018e+00
1.155960000000000099e+00 -9.659759999999999458e-01
1.498110000000000053e+00 2.510160000000000169e-01
-1.415879999999999916e-01 6.097740000000000382e-01
1.028480000000000061e+00 -1.279840000000000089e+00
-7.401929999999999621e-02 -6.084260000000000224e-01
5.416140000000000398e-01 -1.050389999999999935e+00
2.130830000000000002e+00 -1.578380000000000061e-01
1.686420000000000030e+00 -1.488769999999999927e+00
9.059599999999999875e-01 -2.555529999999999746e-01
2.125010000000000066e+00 -1.212590000000000057e+00
1.592140000000000111e+00 -4.721199999999999841e-01
1.889620000000000077e+00 -1.838179999999999925e+00
5.701209999999999889e-01 -3.097389999999999866e-01
2.154659999999999798e+00 -2.049339999999999939e+00
7.798349999999999449e-01 -7.226559999999999651e-01
1.422269999999999923e+00 -1.955880000000000063e+00
1.659200000000000008e+00 -1.775479999999999947e+00
3.766709999999999781e-01 -9.444120000000000292e-01
9.785040000000000404e-01 -1.274499999999999966e+00
1.545560000000000045e+00 -1.539849999999999941e+00
1.308049999999999935e+00 -8.021740000000000537e-01
3.383950000000000014e-01 4.758040000000000047e-01
1.333890000000000020e+00 8.866509999999999669e-01
-9.737959999999999949e-01 -1.419469999999999898e-01
7.227449999999999708e-01 -1.225149999999999961e+00
2.334569999999999812e+00 -3.620840000000000169e-01
-2.274710000000000065e-01 6.416239999999999444e-02
1.456960000000000033e+00 -2.016509999999999803e+00
1.521209999999999951e+00 -4.001770000000000049e-01
1.252229999999999954e+00 -2.730520000000000169e-03
7.444009999999999794e-01 -1.665289999999999937e+00
-1.508140000000000036e-01 -9.574270000000000280e-01
1.950890000000000013e+00 -1.730730000000000102e+00
2.210269999999999957e+00 -2.429279999999999884e+00
2.370080000000000187e+00 -1.139129999999999976e+00
-2.922939999999999983e-01 -1.859609999999999985e+00
2.002289999999999903e+00 -1.170919999999999961e+00
1.237370000000000081e+00 -9.971640000000000503e-01
6.622949999999999671e-01 -1.619189999999999907e+00
2.628319999999999990e+00 -8.106540000000000620e-03
1.443089999999999984e+00 -1.195520000000000055e-01
3.825759999999999827e+00 -6.862399999999999611e-01
7.862970000000000237e-01 3.894480000000000164e-01
3.147810000000000219e+00 -2.520379999999999843e+00
8.012650000000000050e-01 2.326819999999999999e-01
1.291860000000000008e+00 -7.556549999999999656e-01
6.923509999999999387e-02 -2.181130000000000013e+00
1.326750000000000096e+00 -1.452360000000000040e-01
2.278150000000000119e+00 3.408050000000000246e-01
-3.256180000000000185e-01 -9.503000000000000336e-01
-1.751139999999999919e-01 -1.389029999999999987e+00
7.848399999999999821e-01 -6.458909999999999929e-01
1.784680000000000044e+00 -8.888920000000000154e-01
4.618860000000000188e-01 3.988590000000000191e-01
2.456719999999999793e+00 -5.659579999999999611e-01
2.431189999999999962e+00 -1.360659999999999981e+00
1.609329999999999927e+00 1.225370000000000070e+00
1.843509999999999982e+00 -1.532750000000000057e+00
-1.620720000000000147e-02 -3.284959999999999880e+00
1.549060000000000104e+00 -1.845020000000000104e+00
-8.477099999999999635e-01 3.670910000000000006e-01
1.542650000000000077e+00 -2.136740000000000084e+00
1.618069999999999897e+00 -7.460919999999999774e-01
9.994349999999999623e-01 1.722110000000000030e-01
4.305309999999999970e-01 3.214989999999999792e-01
2.689340000000000064e-01 -1.564460000000000017e-01
1.183729999999999949e+00 -9.301129999999999676e-01
8.221030000000000282e-01 7.330339999999999634e-01
2.107580000000000009e+00 -3.823380000000000112e-01
2.149809999999999999e+00 -6.994850000000000234e-01
-9.453780000000000516e-02 -1.363869999999999916e+00
9.678680000000000616e-02 -2.486439999999999984e+00
-5.928949999999999498e-01 -1.217240000000000100e+00
1.266189999999999927e+00 3.155299999999999772e-01
3.730010000000000270e-01 -2.568140000000000089e+00
2.073729999999999851e+00 -2.185379999999999878e+00
2.047950000000000159e+00 3.700209999999999888e-01
1.912949999999999928e+00 -7.486540000000000417e-01
2.195279999999999898e+00 -4.233910000000000173e-01
2.778960000000000097e+00 -3.555459999999999732e-01
1.059800000000000075e+00 -2.245680000000000121e+00
7.346019999999999772e-01 -5.434400000000000341e-01
4.551529999999999743e-01 4.382679999999999909e-01
1.177000000000000046e+00 -9.171350000000000335e-01
2.498510000000000009e+00 1.786889999999999867e-01
1.718900000000000095e+00 -1.304210000000000091e+00
3.885440000000000005e+00 -8.886380000000000390e-01
4.014969999999999928e-01 -1.089690000000000047e+00
1.085350000000000037e+00 -1.952430000000000110e+00
3.902400000000000091e+00 -3.620860000000000190e-01
4.240249999999999853e-01 -2.209299999999999820e+00
5.915700000000000403e-01 1.248639999999999972e+00
1.385159999999999947e+00 -2.202109999999999790e+00
2.948470000000000257e-01 -3.560860000000000136e-01
1.466809999999999947e+00 -1.180520000000000014e+00
1.425140000000000018e-01 -1.924649999999999972e+00
