-2.182980000000000163e-03 -3.494599999999999790e-02
-6.393790000000000584e-02 5.600100000000000217e-02
-5.960490000000000232e-02 3.457800000000000023e-03
9.276750000000000274e-02 9.215499999999999733e-03
8.047909999999999786e-02 -9.686200000000000365e-02
-6.766590000000000278e-03 -1.413799999999999953e-02
3.752079999999999999e-02 4.148600000000000204e-02
6.088930000000000037e-02 -2.624299999999999897e-02
5.360750000000000064e-03 5.445799999999999946e-02
8.912710000000000077e-02 1.793000000000000149e-02
2.297669999999999921e-02 4.499000000000000221e-02
6.076859999999999901e-02 3.552500000000000102e-02
5.102840000000000154e-02 6.799700000000000188e-02
1.145460000000000055e-03 3.527099999999999680e-02
3.139959999999999973e-02 5.398700000000000027e-02
-7.337299999999999725e-03 -4.347899999999999682e-02
-6.251189999999999525e-02 1.502900000000000069e-02
8.173819999999999697e-02 9.742199999999999471e-02
1.628970000000000071e-02 4.035400000000000098e-02
5.313339999999999730e-03 5.031700000000000061e-02
5.580550000000000094e-02 5.673000000000000265e-02
4.361380000000000118e-02 6.567099999999999327e-02
1.571159999999999918e-02 1.646300000000000064e-03
5.049870000000000053e-02 4.716999999999999665e-02
3.534230000000000010e-02 -1.253100000000000047e-02
8.300559999999999883e-02 6.979599999999999693e-02
1.748849999999999927e-03 1.039999999999999952e-01
-2.771420000000000133e-02 4.726999999999999952e-02
1.752029999999999907e-02 7.904300000000000215e-02
4.668459999999999971e-02 -7.055599999999999372e-02
1.918460000000000087e-03 1.005100000000000021e-01
1.187189999999999947e-02 1.107000000000000067e-01
1.885159999999999891e-01 2.421399999999999941e-02
9.997100000000000430e-02 2.054299999999999876e-02
1.051819999999999977e-01 5.519000000000000294e-02
1.034970000000000057e-01 1.125499999999999973e-01
8.194369999999999432e-02 1.457699999999999968e-02
4.920560000000000211e-02 7.045999999999999486e-02
1.453200000000000047e-01 1.330999999999999961e-01
3.556340000000000195e-02 7.051599999999999535e-02
-1.076279999999999945e-02 6.937000000000000111e-02
1.045269999999999949e-01 9.064300000000000135e-02
5.093840000000000173e-02 2.026000000000000023e-01
1.269119999999999970e-01 1.020100000000000035e-01
3.407160000000000050e-02 1.515199999999999880e-01
-2.993689999999999893e-02 9.109699999999999742e-02
1.066939999999999972e-01 5.288999999999999951e-02
7.471029999999999338e-02 -1.902999999999999831e-02
1.323479999999999934e-01 1.978499999999999981e-01
1.372440000000000049e-01 7.711400000000000199e-02
1.163379999999999970e-01 4.662999999999999784e-02
1.126209999999999989e-01 4.159999999999999809e-02
1.358189999999999953e-01 9.058199999999999585e-02
5.499369999999999953e-02 7.663399999999999379e-02
1.145510000000000000e-01 9.794700000000000628e-02
2.693349999999999911e-02 9.143400000000000138e-02
1.531190000000000051e-01 1.019400000000000028e-01
1.212049999999999933e-01 9.804599999999999427e-02
2.045540000000000136e-01 1.261400000000000021e-01
6.699789999999999912e-02 5.308100000000000318e-02
1.505730000000000124e-01 2.141899999999999915e-01
1.583100000000000063e-01 1.573299999999999976e-01
1.233739999999999976e-01 8.359999999999999376e-02
1.249819999999999959e-01 1.590000000000000024e-01
2.200519999999999976e-01 1.812999999999999889e-01
1.303600000000000037e-01 2.208200000000000093e-02
1.779340000000000088e-01 1.054800000000000043e-01
1.515749999999999875e-01 1.211900000000000061e-01
1.647820000000000118e-01 7.019599999999999451e-02
1.552580000000000071e-01 7.515199999999999658e-02
1.205330000000000013e-01 1.856399999999999995e-01
1.482289999999999996e-01 1.260100000000000109e-01
2.037829999999999919e-01 1.500400000000000067e-01
1.714299999999999990e-01 1.792900000000000049e-01
1.883710000000000107e-01 1.625600000000000100e-01
1.314019999999999910e-01 1.270900000000000085e-01
1.410959999999999992e-01 1.869999999999999996e-01
1.677919999999999967e-01 1.775400000000000034e-01
1.785789999999999877e-01 2.202999999999999958e-01
2.206009999999999915e-01 1.129300000000000026e-01
1.904839999999999867e-01 1.928999999999999881e-01
1.204609999999999986e-01 1.723999999999999977e-01
1.722549999999999915e-01 1.407499999999999862e-01
1.778240000000000098e-01 2.258300000000000030e-01
2.204579999999999873e-01 1.857499999999999984e-01
2.373939999999999939e-01 2.068200000000000038e-01
1.692420000000000035e-01 2.078599999999999892e-01
1.272610000000000130e-01 1.429700000000000137e-01
3.063060000000000227e-01 1.757799999999999918e-01
1.003769999999999940e-01 2.146800000000000097e-01
2.651760000000000228e-01 1.360200000000000020e-01
1.036679999999999963e-01 3.353600000000000331e-02
2.223839999999999983e-01 1.072599999999999942e-01
2.075730000000000075e-01 2.177999999999999936e-01
1.623280000000000001e-01 1.768599999999999894e-01
2.881960000000000077e-01 2.766399999999999970e-01
2.229410000000000003e-01 2.567599999999999882e-01
2.048860000000000126e-01 1.631499999999999895e-01
1.876929999999999987e-01 1.140599999999999947e-01
2.544569999999999887e-01 2.591999999999999860e-01
2.014710000000000112e-01 1.008000000000000007e-01
1.336289999999999978e-01 3.013399999999999967e-01
2.519549999999999845e-01 1.905699999999999894e-01
2.001130000000000131e-01 1.649200000000000110e-01
1.476300000000000112e-01 1.950000000000000067e-01
2.418140000000000012e-01 2.060500000000000109e-01
1.168759999999999938e-01 2.543199999999999905e-01
1.905660000000000132e-01 1.519199999999999995e-01
2.298620000000000108e-01 2.330399999999999971e-01
1.666559999999999986e-01 1.896500000000000130e-01
2.418160000000000032e-01 1.280000000000000027e-01
2.185090000000000088e-01 2.217999999999999972e-01
2.069930000000000103e-01 2.401999999999999968e-01
2.257299999999999862e-01 2.043800000000000061e-01
2.063909999999999911e-01 2.315300000000000136e-01
1.864860000000000129e-01 2.221599999999999964e-01
2.140090000000000048e-01 2.635600000000000165e-01
1.739850000000000008e-01 2.461000000000000132e-01
2.349100000000000077e-01 2.562999999999999723e-01
2.536930000000000018e-01 1.638900000000000079e-01
2.274259999999999893e-01 1.708600000000000119e-01
1.280679999999999874e-01 2.868700000000000139e-01
2.686419999999999919e-01 3.057500000000000218e-01
2.825429999999999886e-01 2.533199999999999896e-01
2.207510000000000028e-01 2.078800000000000092e-01
2.913789999999999991e-01 2.530000000000000027e-01
2.221440000000000081e-01 2.395500000000000129e-01
2.995059999999999945e-01 2.451200000000000045e-01
1.886829999999999896e-01 2.371999999999999942e-01
3.201140000000000096e-01 2.811400000000000010e-01
1.893170000000000130e-01 3.439099999999999935e-01
2.972549999999999915e-01 1.988499999999999990e-01
2.994189999999999907e-01 2.262699999999999989e-01
2.323919999999999875e-01 3.115600000000000036e-01
2.935699999999999976e-01 2.435199999999999865e-01
2.345270000000000132e-01 2.832999999999999963e-01
2.436649999999999927e-01 2.907600000000000184e-01
2.372229999999999894e-01 2.957000000000000184e-01
2.901239999999999930e-01 3.266999999999999904e-01
2.608119999999999883e-01 2.027100000000000013e-01
3.614379999999999815e-01 2.747700000000000142e-01
2.813379999999999770e-01 2.702399999999999802e-01
3.255319999999999880e-01 3.137499999999999734e-01
2.440420000000000089e-01 2.170700000000000129e-01
3.769830000000000125e-01 2.813399999999999790e-01
2.456099999999999950e-01 2.867199999999999749e-01
2.084189999999999932e-01 2.546999999999999820e-01
1.906920000000000004e-01 3.423200000000000132e-01
3.842880000000000185e-01 3.348300000000000165e-01
2.459570000000000090e-01 3.186700000000000088e-01
2.979029999999999734e-01 2.575899999999999856e-01
3.188170000000000170e-01 2.320299999999999863e-01
3.184699999999999753e-01 2.819499999999999784e-01
2.780810000000000226e-01 3.923499999999999766e-01
3.505400000000000182e-01 3.953099999999999947e-01
2.863769999999999927e-01 3.541199999999999903e-01
3.528439999999999910e-01 3.710499999999999909e-01
2.991909999999999847e-01 2.839700000000000002e-01
3.115890000000000049e-01 3.235000000000000098e-01
3.184290000000000176e-01 2.698999999999999733e-01
2.650870000000000171e-01 2.851199999999999846e-01
3.254879999999999995e-01 3.280199999999999783e-01
2.893310000000000048e-01 2.871299999999999963e-01
3.250750000000000028e-01 2.996500000000000274e-01
3.501600000000000268e-01 4.075699999999999878e-01
3.026940000000000186e-01 3.961999999999999966e-01
2.693079999999999918e-01 3.595300000000000162e-01
3.678119999999999723e-01 3.603000000000000091e-01
3.955040000000000222e-01 3.200299999999999812e-01
3.304540000000000255e-01 3.516500000000000181e-01
2.819960000000000244e-01 3.109899999999999887e-01
3.468600000000000017e-01 3.953300000000000147e-01
3.566739999999999911e-01 2.771000000000000130e-01
3.799239999999999839e-01 3.106900000000000217e-01
3.736889999999999934e-01 3.187499999999999778e-01
3.160330000000000084e-01 3.430000000000000271e-01
3.816479999999999873e-01 4.682600000000000096e-01
3.105640000000000067e-01 3.765000000000000013e-01
3.956290000000000084e-01 4.137500000000000067e-01
3.928980000000000250e-01 3.667500000000000204e-01
3.424019999999999841e-01 3.368999999999999773e-01
3.603720000000000256e-01 3.560499999999999776e-01
2.404969999999999886e-01 3.397499999999999964e-01
3.322109999999999785e-01 3.932100000000000040e-01
3.302939999999999765e-01 3.614200000000000190e-01
3.356310000000000127e-01 3.582899999999999974e-01
3.929610000000000047e-01 4.260599999999999943e-01
3.672659999999999814e-01 3.845799999999999774e-01
3.591090000000000115e-01 4.003499999999999837e-01
3.812070000000000181e-01 4.304600000000000093e-01
3.804469999999999796e-01 2.950599999999999890e-01
3.434169999999999723e-01 4.047799999999999732e-01
3.346029999999999838e-01 4.344000000000000083e-01
2.567559999999999842e-01 3.481500000000000150e-01
3.875770000000000048e-01 3.916600000000000081e-01
4.715969999999999884e-01 3.645100000000000007e-01
4.256449999999999956e-01 3.224899999999999989e-01
4.152629999999999932e-01 3.798300000000000010e-01
3.766410000000000036e-01 4.826099999999999834e-01
4.372840000000000060e-01 4.475199999999999734e-01
3.486799999999999899e-01 3.549399999999999777e-01
3.451739999999999808e-01 4.148399999999999865e-01
4.543400000000000216e-01 5.208599999999999897e-01
4.061960000000000015e-01 4.485999999999999988e-01
4.948420000000000041e-01 4.424899999999999944e-01
3.546440000000000148e-01 4.250099999999999989e-01
3.881240000000000245e-01 4.374000000000000110e-01
4.859740000000000171e-01 4.249499999999999944e-01
4.557970000000000077e-01 3.590800000000000103e-01
4.120840000000000058e-01 3.671499999999999764e-01
3.790629999999999833e-01 4.655699999999999839e-01
3.887220000000000120e-01 4.233600000000000141e-01
3.662070000000000047e-01 5.240700000000000358e-01
5.385510000000000019e-01 4.434199999999999808e-01
4.691910000000000247e-01 4.238899999999999890e-01
4.344759999999999733e-01 4.284999999999999920e-01
4.034220000000000028e-01 4.838899999999999868e-01
4.154999999999999805e-01 4.557999999999999829e-01
3.892820000000000169e-01 4.147100000000000231e-01
4.988920000000000021e-01 4.444899999999999962e-01
3.661749999999999727e-01 5.150299999999999878e-01
5.002079999999999860e-01 3.841899999999999760e-01
5.108810000000000295e-01 5.174999999999999600e-01
5.241620000000000168e-01 5.166199999999999681e-01
3.715189999999999881e-01 3.911399999999999877e-01
4.949839999999999796e-01 4.193999999999999950e-01
4.966709999999999736e-01 5.149000000000000243e-01
4.586680000000000201e-01 3.970099999999999740e-01
4.503770000000000273e-01 4.813999999999999946e-01
5.241379999999999928e-01 4.800099999999999922e-01
4.681390000000000273e-01 5.416400000000000103e-01
3.432439999999999936e-01 4.381999999999999784e-01
4.809910000000000019e-01 5.159200000000000452e-01
5.111160000000000148e-01 4.264999999999999902e-01
5.403729999999999922e-01 4.672999999999999932e-01
5.233339999999999659e-01 3.995000000000000218e-01
4.500339999999999896e-01 4.356400000000000272e-01
5.325100000000000389e-01 3.891200000000000214e-01
4.703640000000000043e-01 4.921800000000000064e-01
3.626010000000000066e-01 4.245200000000000085e-01
4.118029999999999746e-01 4.658599999999999963e-01
5.257270000000000554e-01 5.144699999999999829e-01
4.733899999999999775e-01 4.969000000000000083e-01
4.968830000000000191e-01 4.932000000000000273e-01
4.424980000000000024e-01 5.372299999999999853e-01
4.799479999999999857e-01 4.831599999999999784e-01
5.036640000000000006e-01 5.295199999999999907e-01
4.787660000000000249e-01 4.880800000000000138e-01
4.729280000000000150e-01 3.801300000000000234e-01
4.233430000000000248e-01 5.396100000000000341e-01
4.545850000000000168e-01 5.571399999999999686e-01
4.887989999999999835e-01 5.097599999999999909e-01
5.107190000000000341e-01 4.818700000000000205e-01
3.983999999999999764e-01 5.177100000000000035e-01
4.650349999999999762e-01 4.971599999999999908e-01
5.010729999999999906e-01 4.777500000000000080e-01
4.468579999999999774e-01 5.228199999999999514e-01
4.779800000000000160e-01 4.991300000000000181e-01
5.373700000000000143e-01 5.184999999999999609e-01
5.377170000000000005e-01 5.151099999999999568e-01
5.603270000000000195e-01 5.201200000000000268e-01
5.556029999999999580e-01 5.789199999999999902e-01
4.947449999999999903e-01 4.844200000000000172e-01
4.099889999999999923e-01 5.506699999999999928e-01
5.254830000000000334e-01 4.815300000000000136e-01
4.748979999999999868e-01 5.777999999999999803e-01
4.968000000000000194e-01 5.141000000000000014e-01
5.334790000000000365e-01 5.183999999999999719e-01
5.552280000000000548e-01 5.445600000000000440e-01
5.271529999999999827e-01 5.254900000000000126e-01
5.982960000000000500e-01 5.257399999999999851e-01
5.669889999999999652e-01 4.900800000000000156e-01
4.903580000000000161e-01 5.063699999999999868e-01
5.936150000000000038e-01 5.762500000000000400e-01
5.975679999999999881e-01 5.330500000000000238e-01
5.736289999999999445e-01 5.778200000000000003e-01
4.828390000000000182e-01 5.591199999999999504e-01
5.926810000000000134e-01 4.701099999999999723e-01
4.283580000000000165e-01 5.481000000000000316e-01
5.914099999999999913e-01 6.116500000000000270e-01
5.148639999999999883e-01 5.840699999999999781e-01
5.736940000000000373e-01 6.160099999999999465e-01
5.935770000000000213e-01 6.358599999999999808e-01
4.999509999999999788e-01 5.846500000000000030e-01
6.182999999999999607e-01 5.928700000000000081e-01
5.771549999999999736e-01 5.668900000000000050e-01
5.981410000000000338e-01 5.806900000000000395e-01
6.119099999999999540e-01 5.252499999999999947e-01
6.364480000000000137e-01 5.256199999999999761e-01
5.779819999999999958e-01 5.529500000000000526e-01
6.166019999999999834e-01 5.896700000000000275e-01
6.655529999999999502e-01 5.846099999999999630e-01
5.980929999999999858e-01 5.947900000000000409e-01
5.375729999999999675e-01 5.328300000000000258e-01
5.936399999999999455e-01 6.026299999999999990e-01
5.815879999999999939e-01 5.831800000000000317e-01
6.267289999999999806e-01 5.698600000000000332e-01
6.598169999999999868e-01 5.345199999999999951e-01
6.219189999999999996e-01 6.290900000000000380e-01
5.990849999999999786e-01 5.372000000000000108e-01
6.587530000000000330e-01 5.765099999999999669e-01
6.655149999999999677e-01 5.347699999999999676e-01
5.375330000000000386e-01 6.183699999999999752e-01
6.493069999999999675e-01 5.984199999999999520e-01
5.992680000000000229e-01 6.411200000000000232e-01
6.887879999999999558e-01 5.134600000000000275e-01
6.422090000000000298e-01 6.876400000000000290e-01
6.220609999999999751e-01 5.257199999999999651e-01
5.282970000000000166e-01 5.491200000000000525e-01
6.522529999999999717e-01 6.081400000000000139e-01
6.100160000000000027e-01 7.037200000000000122e-01
6.588289999999999980e-01 6.675600000000000422e-01
6.459399999999999586e-01 5.750699999999999701e-01
7.022869999999999946e-01 6.006099999999999772e-01
5.683099999999999818e-01 6.338399999999999590e-01
5.935810000000000253e-01 6.121799999999999464e-01
6.369789999999999619e-01 6.185599999999999987e-01
6.050900000000000167e-01 5.958499999999999908e-01
7.053690000000000238e-01 6.010499999999999732e-01
6.002220000000000333e-01 6.827699999999999880e-01
6.382949999999999458e-01 6.592700000000000227e-01
6.019980000000000331e-01 6.564699999999999980e-01
5.809260000000000534e-01 6.510099999999999776e-01
6.292229999999999768e-01 7.312400000000000011e-01
6.644489999999999563e-01 6.936200000000000143e-01
6.952850000000000419e-01 5.941999999999999504e-01
6.501010000000000399e-01 6.752700000000000369e-01
6.624600000000000488e-01 6.993899999999999562e-01
6.547129999999999894e-01 6.757600000000000273e-01
6.373659999999999881e-01 6.623299999999999743e-01
6.919399999999999995e-01 6.561200000000000365e-01
6.612679999999999669e-01 6.147299999999999986e-01
7.256230000000000180e-01 6.695100000000000495e-01
5.869280000000000053e-01 6.600000000000000311e-01
6.280909999999999549e-01 6.516600000000000170e-01
6.623449999999999616e-01 6.211400000000000254e-01
7.526169999999999805e-01 6.291499999999999870e-01
6.534640000000000448e-01 6.948999999999999622e-01
6.991739999999999622e-01 7.790799999999999947e-01
6.944919999999999982e-01 7.237400000000000500e-01
7.044550000000000534e-01 6.606699999999999795e-01
6.530869999999999731e-01 7.050600000000000200e-01
6.883500000000000174e-01 7.274500000000000410e-01
7.191020000000000190e-01 6.377399999999999736e-01
6.437070000000000292e-01 6.837999999999999634e-01
7.396470000000000544e-01 6.357300000000000173e-01
6.575910000000000366e-01 6.773500000000000076e-01
6.249120000000000230e-01 7.145099999999999785e-01
7.192260000000000320e-01 6.790699999999999514e-01
7.689810000000000256e-01 7.580000000000000071e-01
6.556400000000000006e-01 6.761000000000000343e-01
6.444079999999999808e-01 7.654499999999999638e-01
6.691270000000000273e-01 7.317500000000000115e-01
6.364389999999999770e-01 7.110999999999999543e-01
6.513109999999999733e-01 6.574999999999999734e-01
6.952310000000000434e-01 6.653000000000000025e-01
6.918170000000000153e-01 6.732000000000000206e-01
7.321689999999999587e-01 7.400600000000000511e-01
7.699850000000000305e-01 8.008600000000000163e-01
7.326479999999999659e-01 7.430299999999999683e-01
7.376449999999999951e-01 7.667800000000000171e-01
7.307869999999999644e-01 8.416500000000000092e-01
7.375209999999999821e-01 6.508199999999999541e-01
8.019290000000000029e-01 7.400499999999999856e-01
7.967830000000000190e-01 7.199100000000000499e-01
6.685259999999999536e-01 7.396200000000000552e-01
6.742470000000000407e-01 7.316799999999999971e-01
7.878479999999999928e-01 7.311999999999999611e-01
7.554809999999999581e-01 8.203200000000000491e-01
7.776140000000000274e-01 7.292399999999999993e-01
7.336169999999999636e-01 8.183899999999999508e-01
7.700550000000000450e-01 7.750700000000000367e-01
6.770760000000000112e-01 6.778899999999999926e-01
6.662639999999999674e-01 7.954900000000000304e-01
6.617260000000000364e-01 7.703799999999999537e-01
7.127219999999999667e-01 6.831899999999999640e-01
7.244009999999999616e-01 7.931799999999999962e-01
6.793360000000000509e-01 7.020600000000000174e-01
6.525729999999999587e-01 7.805800000000000516e-01
8.208520000000000261e-01 7.251600000000000268e-01
8.177670000000000217e-01 7.443499999999999561e-01
8.154970000000000274e-01 7.681999999999999940e-01
7.369080000000000075e-01 7.798899999999999721e-01
8.308699999999999974e-01 8.664100000000000135e-01
6.476899999999999880e-01 7.274199999999999555e-01
7.882599999999999607e-01 7.226399999999999491e-01
7.907009999999999872e-01 7.246099999999999763e-01
8.227529999999999566e-01 7.347799999999999887e-01
8.466179999999999817e-01 7.861000000000000210e-01
7.502299999999999525e-01 7.326599999999999779e-01
7.413859999999999895e-01 7.686699999999999644e-01
7.742339999999999778e-01 7.454600000000000115e-01
7.264880000000000226e-01 6.871000000000000441e-01
8.626460000000000239e-01 8.036799999999999500e-01
6.873799999999999910e-01 7.622200000000000086e-01
7.728310000000000457e-01 8.505500000000000282e-01
6.939370000000000260e-01 7.290999999999999703e-01
8.037509999999999932e-01 7.787399999999999878e-01
7.441590000000000149e-01 7.347799999999999887e-01
7.712329999999999464e-01 7.763700000000000045e-01
8.412709999999999910e-01 8.012599999999999723e-01
7.653990000000000515e-01 8.129800000000000360e-01
7.681670000000000442e-01 7.542900000000000160e-01
8.028769999999999518e-01 7.585800000000000320e-01
9.021120000000000250e-01 9.178600000000000092e-01
8.321539999999999493e-01 9.161700000000000399e-01
7.547880000000000145e-01 8.830799999999999761e-01
7.621980000000000421e-01 7.699799999999999978e-01
7.846360000000000001e-01 8.073500000000000121e-01
9.240969999999999462e-01 8.507099999999999662e-01
7.999990000000000157e-01 7.966999999999999638e-01
7.660630000000000495e-01 8.441100000000000270e-01
8.944910000000000361e-01 8.047400000000000109e-01
8.489590000000000192e-01 7.390900000000000247e-01
8.490950000000000442e-01 7.868399999999999839e-01
8.126489999999999547e-01 8.500699999999999923e-01
8.759890000000000176e-01 9.089500000000000357e-01
7.996269999999999767e-01 7.828300000000000258e-01
8.583830000000000071e-01 8.133200000000000429e-01
8.621739999999999959e-01 8.066200000000000037e-01
8.802119999999999944e-01 8.258100000000000440e-01
8.948399999999999688e-01 8.389499999999999735e-01
8.527080000000000215e-01 8.673499999999999543e-01
8.014280000000000292e-01 8.169300000000000450e-01
8.882430000000000048e-01 8.547900000000000498e-01
8.434599999999999875e-01 8.313500000000000334e-01
8.372950000000000115e-01 9.783800000000000274e-01
8.722419999999999618e-01 8.928700000000000525e-01
8.449520000000000364e-01 9.169000000000000483e-01
8.507519999999999527e-01 8.313399999999999679e-01
8.749109999999999943e-01 8.223000000000000309e-01
8.767840000000000078e-01 9.306999999999999718e-01
8.723940000000000028e-01 8.776599999999999957e-01
9.584289999999999754e-01 8.400100000000000344e-01
9.202339999999999964e-01 1.012699999999999934e+00
8.748019999999999685e-01 7.814499999999999780e-01
9.119789999999999841e-01 8.539099999999999469e-01
9.820889999999999898e-01 7.876999999999999558e-01
8.916490000000000249e-01 8.226499999999999924e-01
9.262930000000000330e-01 7.938399999999999901e-01
8.998380000000000267e-01 8.872400000000000286e-01
8.538050000000000361e-01 9.520399999999999974e-01
8.532619999999999649e-01 9.541500000000000536e-01
8.602530000000000454e-01 9.217300000000000493e-01
8.711430000000000007e-01 8.930099999999999705e-01
9.163489999999999691e-01 8.680999999999999828e-01
1.013660000000000005e+00 9.130500000000000282e-01
8.475470000000000503e-01 9.340699999999999559e-01
8.706220000000000070e-01 9.029899999999999594e-01
8.879380000000000051e-01 8.445099999999999829e-01
9.455050000000000399e-01 9.376799999999999580e-01
9.327410000000000423e-01 9.040000000000000258e-01
9.073210000000000441e-01 8.807500000000000329e-01
8.351039999999999575e-01 9.147300000000000431e-01
9.308999999999999497e-01 9.254999999999999893e-01
8.747390000000000443e-01 9.636900000000000466e-01
1.000969999999999915e+00 8.845300000000000384e-01
8.835640000000000160e-01 8.057299999999999462e-01
8.805250000000000021e-01 8.874499999999999611e-01
9.344930000000000181e-01 8.601999999999999647e-01
9.508370000000000433e-01 8.767800000000000038e-01
9.244189999999999907e-01 9.031599999999999628e-01
9.080759999999999943e-01 8.841700000000000115e-01
9.082130000000000480e-01 8.565000000000000391e-01
9.583570000000000144e-01 9.830299999999999594e-01
8.706570000000000142e-01 9.086699999999999777e-01
9.610060000000000269e-01 9.011400000000000521e-01
8.929380000000000095e-01 9.590999999999999526e-01
9.375759999999999650e-01 9.546000000000000041e-01
9.371749999999999803e-01 9.727400000000000491e-01
9.512150000000000327e-01 9.108899999999999775e-01
9.142799999999999816e-01 9.753800000000000248e-01
9.548560000000000381e-01 8.982599999999999474e-01
9.474620000000000264e-01 8.991500000000000048e-01
9.569469999999999921e-01 9.472399999999999709e-01
9.536569999999999769e-01 9.128399999999999848e-01
9.864039999999999475e-01 9.545099999999999696e-01
9.724880000000000191e-01 9.162200000000000344e-01
9.303829999999999600e-01 1.004000000000000004e+00
8.812429999999999986e-01 9.920400000000000329e-01
9.643429999999999502e-01 1.111599999999999921e+00
9.905350000000000543e-01 9.647200000000000220e-01
9.238790000000000058e-01 9.357400000000000162e-01
9.908449999999999758e-01 1.031800000000000050e+00
1.059229999999999894e+00 9.927599999999999758e-01
9.588419999999999721e-01 9.766700000000000381e-01
9.611189999999999456e-01 1.059500000000000108e+00
9.566090000000000426e-01 9.544000000000000261e-01
9.181650000000000089e-01 9.595000000000000195e-01
9.461979999999999835e-01 1.011900000000000022e+00
9.515730000000000022e-01 9.838799999999999768e-01
9.887669999999999515e-01 9.304200000000000248e-01
1.051350000000000007e+00 9.633599999999999941e-01
9.520250000000000101e-01 1.010399999999999965e+00
1.013649999999999940e+00 1.050200000000000022e+00
9.047849999999999504e-01 9.447499999999999787e-01
1.009560000000000013e+00 1.031900000000000039e+00
1.010580000000000034e+00 1.003200000000000092e+00
9.971619999999999928e-01 1.021700000000000053e+00
1.071499999999999897e+00 1.020499999999999963e+00
1.168049999999999991e-02 9.594099999999999850e-01
2.334179999999999935e-02 1.093399999999999928e+00
3.331209999999999727e-02 9.964100000000000179e-01
-4.111109999999999765e-02 1.008999999999999897e+00
1.130030000000000062e-01 9.644000000000000350e-01
1.141159999999999917e-02 8.668000000000000149e-01
2.099370000000000056e-02 9.744300000000000184e-01
9.653100000000000569e-02 1.098600000000000021e+00
-1.822920000000000096e-02 1.044799999999999951e+00
5.012289999999999801e-02 1.013099999999999890e+00
1.580129999999999868e-01 1.003700000000000037e+00
-1.296669999999999984e-03 1.007200000000000095e+00
3.327619999999999884e-02 8.897699999999999498e-01
1.142859999999999987e-01 9.051299999999999901e-01
-1.326819999999999944e-01 1.070899999999999963e+00
2.894539999999999960e-02 9.810799999999999521e-01
2.845019999999999841e-02 9.407600000000000406e-01
-1.104229999999999969e-02 8.856399999999999828e-01
6.055499999999999772e-02 1.012000000000000011e+00
5.291040000000000326e-02 8.965499999999999581e-01
5.901010000000000283e-02 8.767000000000000348e-01
5.542280000000000123e-02 9.216299999999999493e-01
6.508970000000000034e-02 9.246799999999999464e-01
2.239060000000000009e-02 9.429999999999999494e-01
1.187200000000000061e-01 8.782999999999999696e-01
1.882740000000000108e-02 8.724600000000000133e-01
-1.712380000000000152e-02 9.882499999999999618e-01
1.694299999999999929e-03 8.767500000000000293e-01
6.995310000000000417e-02 9.607299999999999729e-01
6.423339999999999606e-02 9.050300000000000011e-01
5.180219999999999964e-02 9.476700000000000124e-01
2.479649999999999910e-02 9.758599999999999497e-01
5.269419999999999660e-02 9.857900000000000551e-01
3.570079999999999781e-02 9.372500000000000275e-01
3.722299999999999914e-02 9.120000000000000329e-01
8.502289999999999848e-02 9.770699999999999941e-01
1.385429999999999995e-01 1.003800000000000026e+00
1.379579999999999973e-01 9.823100000000000165e-01
9.661100000000000243e-02 9.796300000000000008e-01
-8.572079999999999977e-02 8.862799999999999567e-01
1.023540000000000005e-01 9.030599999999999739e-01
9.931270000000000375e-02 8.855899999999999883e-01
5.012409999999999782e-02 9.304000000000000048e-01
1.566130000000000022e-01 8.735600000000000032e-01
9.732409999999999672e-02 8.308999999999999719e-01
-2.282729999999999829e-02 8.044599999999999529e-01
1.234360000000000041e-01 8.599999999999999867e-01
9.524320000000000008e-02 8.832799999999999541e-01
4.938429999999999903e-02 9.759900000000000242e-01
9.989860000000000406e-02 9.744300000000000184e-01
8.319669999999999843e-02 9.302300000000000013e-01
1.348229999999999984e-01 9.183999999999999941e-01
9.246050000000000102e-02 8.643600000000000172e-01
1.856730000000000047e-01 8.876199999999999646e-01
1.421779999999999988e-01 9.120800000000000018e-01
1.794070000000000109e-01 9.249899999999999789e-01
7.716080000000000161e-02 8.534199999999999564e-01
7.863209999999999644e-02 8.518999999999999906e-01
1.413840000000000097e-01 9.381800000000000139e-01
1.087019999999999931e-01 9.017399999999999860e-01
1.150889999999999969e-01 8.542699999999999738e-01
5.971739999999999687e-02 8.326400000000000468e-01
1.316019999999999968e-01 7.884700000000000042e-01
3.176789999999999892e-01 9.418900000000000050e-01
1.315350000000000130e-01 9.150000000000000355e-01
1.427910000000000013e-01 8.675000000000000488e-01
1.291889999999999983e-01 8.821200000000000152e-01
1.327299999999999869e-01 9.121599999999999708e-01
1.844969999999999943e-01 8.246700000000000141e-01
1.136319999999999969e-01 8.980200000000000404e-01
1.068189999999999973e-01 8.276499999999999968e-01
9.123570000000000291e-02 8.927500000000000435e-01
1.440720000000000056e-01 8.539499999999999869e-01
1.766560000000000075e-01 8.986699999999999688e-01
7.908830000000000027e-02 8.610799999999999566e-01
1.463430000000000009e-01 7.477000000000000313e-01
1.884560000000000124e-01 8.097100000000000408e-01
1.414719999999999867e-01 8.175000000000000044e-01
1.496020000000000127e-01 7.563800000000000523e-01
1.893950000000000078e-01 8.481999999999999540e-01
1.366920000000000079e-01 8.031000000000000361e-01
1.400540000000000118e-01 8.081899999999999640e-01
1.377629999999999966e-01 7.770799999999999930e-01
7.078130000000000532e-02 8.059100000000000152e-01
1.672119999999999995e-01 7.542299999999999560e-01
1.335149999999999948e-01 8.878000000000000336e-01
1.570110000000000117e-01 8.660099999999999465e-01
1.382879999999999943e-01 8.654399999999999871e-01
1.181699999999999973e-01 8.364599999999999813e-01
3.134700000000000264e-01 8.686599999999999877e-01
2.657249999999999890e-01 7.468200000000000394e-01
1.756969999999999921e-01 8.643300000000000427e-01
2.099020000000000052e-01 7.955600000000000449e-01
2.459040000000000115e-01 8.848000000000000309e-01
1.047430000000000028e-01 8.531300000000000550e-01
1.871109999999999995e-01 7.632999999999999785e-01
1.302180000000000004e-01 8.584800000000000209e-01
2.750270000000000215e-01 8.085299999999999709e-01
1.908380000000000076e-01 7.480200000000000182e-01
2.622519999999999851e-01 8.610200000000000076e-01
2.197260000000000046e-01 7.387700000000000378e-01
2.755099999999999771e-01 8.084999999999999964e-01
2.612320000000000197e-01 8.056600000000000428e-01
3.096340000000000203e-01 8.679099999999999593e-01
2.138029999999999931e-01 8.303199999999999470e-01
2.819769999999999777e-01 8.110399999999999832e-01
2.423389999999999989e-01 7.514300000000000423e-01
1.324299999999999922e-01 7.426899999999999613e-01
1.681650000000000089e-01 7.065399999999999459e-01
1.958900000000000086e-01 7.759899999999999576e-01
2.279650000000000010e-01 7.364000000000000545e-01
1.431709999999999927e-01 8.370900000000000007e-01
3.033600000000000185e-01 8.311500000000000554e-01
2.503340000000000010e-01 8.073799999999999866e-01
3.577629999999999977e-01 8.001000000000000334e-01
2.568969999999999865e-01 7.327700000000000324e-01
2.635759999999999770e-01 7.609200000000000408e-01
2.637369999999999992e-01 7.181499999999999551e-01
2.045200000000000073e-01 7.395800000000000152e-01
2.126230000000000064e-01 7.660500000000000087e-01
2.081419999999999937e-01 8.155400000000000427e-01
2.348459999999999992e-01 7.627399999999999736e-01
2.613420000000000187e-01 7.625999999999999446e-01
2.210449999999999915e-01 7.724100000000000410e-01
2.899309999999999943e-01 6.825999999999999845e-01
2.270790000000000031e-01 7.340100000000000513e-01
2.489470000000000016e-01 7.675600000000000200e-01
2.534710000000000019e-01 8.340899999999999981e-01
2.830250000000000266e-01 7.699799999999999978e-01
3.099020000000000108e-01 7.767699999999999605e-01
1.685039999999999871e-01 7.614900000000000002e-01
2.331940000000000124e-01 7.375599999999999934e-01
2.448410000000000031e-01 8.451999999999999513e-01
1.855259999999999965e-01 6.743900000000000450e-01
2.808530000000000193e-01 7.008699999999999930e-01
2.926320000000000032e-01 6.961000000000000520e-01
3.231899999999999773e-01 6.908100000000000351e-01
2.787839999999999763e-01 7.221999999999999531e-01
2.828410000000000091e-01 6.981600000000000028e-01
3.242430000000000034e-01 8.186200000000000143e-01
2.788070000000000270e-01 7.312899999999999956e-01
2.756259999999999821e-01 7.153399999999999759e-01
3.089529999999999776e-01 7.641999999999999904e-01
2.163559999999999928e-01 7.565499999999999448e-01
2.867649999999999921e-01 7.099499999999999700e-01
3.035220000000000140e-01 8.252699999999999481e-01
2.780630000000000046e-01 6.865099999999999536e-01
3.042190000000000172e-01 7.747800000000000242e-01
2.922899999999999943e-01 6.743999999999999995e-01
3.023649999999999949e-01 7.213000000000000522e-01
3.551869999999999750e-01 7.298499999999999988e-01
2.930209999999999759e-01 6.926499999999999879e-01
3.391350000000000198e-01 7.722900000000000320e-01
2.439929999999999877e-01 5.718800000000000550e-01
3.478499999999999925e-01 6.362200000000000077e-01
3.477520000000000056e-01 6.770100000000000007e-01
4.111299999999999955e-01 6.340900000000000425e-01
3.379880000000000106e-01 7.259600000000000497e-01
3.067389999999999839e-01 7.543999999999999595e-01
3.674799999999999733e-01 5.734599999999999698e-01
3.417160000000000197e-01 6.809899999999999842e-01
3.303200000000000025e-01 6.793400000000000549e-01
3.171820000000000195e-01 6.632900000000000462e-01
3.013839999999999852e-01 7.009900000000000020e-01
2.737109999999999821e-01 6.091600000000000348e-01
2.862219999999999764e-01 6.909699999999999731e-01
2.694980000000000153e-01 6.261999999999999789e-01
3.657509999999999928e-01 5.799400000000000110e-01
2.369759999999999922e-01 5.777900000000000258e-01
2.785360000000000058e-01 7.619299999999999962e-01
3.385859999999999981e-01 7.281499999999999639e-01
3.857920000000000238e-01 6.280700000000000172e-01
4.088160000000000127e-01 7.221999999999999531e-01
3.210790000000000033e-01 4.952900000000000080e-01
3.701940000000000230e-01 6.601200000000000401e-01
3.375980000000000092e-01 6.531000000000000139e-01
2.998290000000000122e-01 6.439500000000000224e-01
3.159089999999999954e-01 6.350400000000000489e-01
4.116659999999999764e-01 6.474999999999999645e-01
4.147049999999999903e-01 6.422999999999999821e-01
3.860930000000000195e-01 6.357699999999999463e-01
3.448439999999999839e-01 5.673799999999999955e-01
3.572659999999999725e-01 6.751000000000000334e-01
3.410909999999999775e-01 7.278999999999999915e-01
3.816599999999999993e-01 5.231000000000000094e-01
3.745280000000000276e-01 5.791399999999999881e-01
2.872830000000000106e-01 6.531099999999999683e-01
4.063269999999999937e-01 6.694099999999999495e-01
3.239409999999999790e-01 5.287899999999999823e-01
3.132820000000000049e-01 6.047099999999999698e-01
4.524020000000000263e-01 7.713700000000000001e-01
3.639560000000000017e-01 6.759500000000000508e-01
3.474140000000000006e-01 6.058200000000000252e-01
3.682529999999999970e-01 7.079699999999999882e-01
4.064749999999999752e-01 5.674200000000000355e-01
3.380270000000000219e-01 6.310799999999999743e-01
4.367920000000000136e-01 6.765700000000000047e-01
3.797559999999999825e-01 6.279700000000000282e-01
3.154290000000000149e-01 6.208000000000000185e-01
4.194300000000000250e-01 6.609699999999999465e-01
4.139070000000000249e-01 5.349199999999999511e-01
4.346789999999999821e-01 6.056599999999999762e-01
4.762060000000000182e-01 5.725999999999999979e-01
3.625360000000000249e-01 6.048900000000000388e-01
4.372980000000000200e-01 5.994899999999999674e-01
4.735900000000000110e-01 5.620199999999999640e-01
3.787099999999999911e-01 6.410799999999999832e-01
3.419490000000000030e-01 5.073699999999999877e-01
4.527180000000000093e-01 5.893699999999999495e-01
3.264610000000000012e-01 6.135000000000000453e-01
3.397760000000000224e-01 5.712399999999999700e-01
4.087120000000000197e-01 5.775000000000000133e-01
4.931119999999999948e-01 4.882199999999999873e-01
5.360629999999999562e-01 5.908400000000000318e-01
4.418090000000000073e-01 5.500699999999999479e-01
5.232890000000000041e-01 5.278599999999999959e-01
4.074019999999999864e-01 5.494999999999999885e-01
4.654159999999999964e-01 5.754299999999999971e-01
3.482469999999999732e-01 5.227100000000000080e-01
5.512380000000000058e-01 5.655499999999999972e-01
5.268620000000000525e-01 5.342999999999999972e-01
4.711940000000000017e-01 5.438199999999999701e-01
4.480020000000000113e-01 5.192200000000000149e-01
4.278569999999999873e-01 6.106700000000000461e-01
4.892889999999999739e-01 5.361000000000000210e-01
4.796949999999999825e-01 4.675300000000000011e-01
4.962469999999999937e-01 4.875099999999999989e-01
4.825650000000000217e-01 6.158200000000000340e-01
4.336119999999999974e-01 5.732699999999999463e-01
4.550029999999999908e-01 5.694599999999999662e-01
4.307079999999999798e-01 5.537800000000000500e-01
4.085969999999999880e-01 5.080500000000000016e-01
5.090869999999999562e-01 5.800899999999999945e-01
4.849709999999999854e-01 5.161299999999999777e-01
5.840140000000000331e-01 4.335899999999999754e-01
4.686060000000000225e-01 4.894800000000000262e-01
4.662689999999999890e-01 5.359300000000000175e-01
4.493619999999999837e-01 4.737399999999999944e-01
4.372929999999999873e-01 5.332900000000000418e-01
4.258080000000000198e-01 5.156399999999999872e-01
4.349049999999999860e-01 4.598999999999999755e-01
4.573849999999999860e-01 4.782399999999999984e-01
4.222420000000000062e-01 5.580800000000000205e-01
4.099189999999999778e-01 5.505999999999999783e-01
5.577520000000000255e-01 5.362099999999999644e-01
4.386630000000000251e-01 5.714599999999999680e-01
4.800630000000000175e-01 5.948700000000000099e-01
5.521880000000000122e-01 5.354999999999999760e-01
4.482189999999999785e-01 5.171700000000000186e-01
4.515950000000000242e-01 5.482799999999999896e-01
5.687379999999999658e-01 5.026000000000000467e-01
5.099829999999999641e-01 5.945200000000000484e-01
3.884730000000000127e-01 4.587100000000000066e-01
5.802640000000000020e-01 5.436999999999999611e-01
5.850349999999999717e-01 5.561000000000000387e-01
4.680070000000000063e-01 4.380800000000000249e-01
5.005140000000000144e-01 4.788899999999999824e-01
4.934830000000000050e-01 4.965300000000000269e-01
4.707489999999999730e-01 5.330599999999999783e-01
5.927999999999999936e-01 5.994399999999999729e-01
4.718629999999999769e-01 4.799999999999999822e-01
4.469359999999999999e-01 4.263700000000000268e-01
4.642410000000000148e-01 4.073800000000000199e-01
5.065770000000000550e-01 4.092299999999999827e-01
5.296889999999999654e-01 4.431399999999999784e-01
5.635900000000000354e-01 5.135800000000000365e-01
5.562759999999999927e-01 4.363900000000000001e-01
4.760070000000000134e-01 5.302700000000000191e-01
5.209089999999999554e-01 4.727700000000000236e-01
5.357619999999999605e-01 5.302999999999999936e-01
4.832230000000000136e-01 5.692000000000000393e-01
4.506399999999999850e-01 4.882600000000000273e-01
5.460070000000000201e-01 5.096399999999999819e-01
4.679240000000000066e-01 5.028299999999999992e-01
6.071860000000000035e-01 4.661699999999999733e-01
6.183739999999999792e-01 4.817100000000000271e-01
5.679220000000000379e-01 4.887900000000000023e-01
4.923420000000000019e-01 4.307799999999999963e-01
6.324180000000000357e-01 4.669099999999999917e-01
5.392860000000000431e-01 4.133100000000000107e-01
5.139040000000000274e-01 4.365200000000000191e-01
5.314489999999999492e-01 4.637600000000000056e-01
5.006049999999999667e-01 4.077500000000000013e-01
5.564829999999999499e-01 4.593300000000000161e-01
5.484459999999999891e-01 5.310799999999999965e-01
5.182729999999999837e-01 4.562800000000000189e-01
5.692739999999999467e-01 5.103900000000000103e-01
5.747409999999999464e-01 4.749599999999999933e-01
5.623029999999999973e-01 3.544800000000000173e-01
6.372989999999999489e-01 4.813899999999999846e-01
6.335669999999999913e-01 4.210999999999999743e-01
6.093180000000000263e-01 4.279200000000000226e-01
4.712770000000000015e-01 4.408299999999999996e-01
5.316610000000000502e-01 3.776499999999999857e-01
5.991910000000000291e-01 4.120300000000000074e-01
6.084100000000000064e-01 4.290100000000000025e-01
6.245049999999999768e-01 4.324200000000000266e-01
6.122680000000000344e-01 3.866299999999999737e-01
5.492960000000000065e-01 3.992499999999999938e-01
5.784719999999999862e-01 3.288099999999999912e-01
5.689100000000000268e-01 3.626800000000000024e-01
5.761979999999999880e-01 4.081199999999999828e-01
5.871009999999999840e-01 3.693600000000000216e-01
6.258299999999999974e-01 3.294000000000000261e-01
5.877879999999999772e-01 4.304999999999999938e-01
5.491009999999999502e-01 3.770499999999999963e-01
5.586529999999999552e-01 4.499799999999999911e-01
6.403060000000000418e-01 3.459499999999999797e-01
5.311200000000000365e-01 3.616300000000000070e-01
6.955670000000000464e-01 3.840000000000000080e-01
6.454910000000000370e-01 2.669799999999999951e-01
6.404980000000000118e-01 3.306899999999999840e-01
6.626940000000000053e-01 3.285100000000000242e-01
6.054770000000000429e-01 3.332999999999999852e-01
5.710410000000000208e-01 3.342499999999999916e-01
6.681099999999999817e-01 4.147899999999999920e-01
6.294180000000000330e-01 4.464600000000000235e-01
6.397969999999999491e-01 3.433200000000000141e-01
6.411869999999999514e-01 4.432599999999999874e-01
5.842659999999999521e-01 3.680200000000000138e-01
5.959360000000000213e-01 3.360000000000000209e-01
6.053159999999999652e-01 3.917700000000000071e-01
5.259899999999999576e-01 3.194600000000000217e-01
7.060049999999999937e-01 3.180999999999999939e-01
5.776850000000000041e-01 3.427700000000000191e-01
6.227070000000000105e-01 2.838800000000000212e-01
5.983739999999999615e-01 3.534900000000000264e-01
7.346399999999999597e-01 3.362499999999999933e-01
6.344180000000000375e-01 3.384900000000000131e-01
7.403140000000000276e-01 3.449999999999999734e-01
7.026649999999999840e-01 3.517899999999999916e-01
7.180689999999999573e-01 2.724099999999999855e-01
6.327939999999999676e-01 3.386600000000000166e-01
6.734059999999999491e-01 3.704100000000000170e-01
6.835900000000000309e-01 3.687799999999999967e-01
6.520280000000000520e-01 2.764599999999999835e-01
6.241529999999999578e-01 2.442799999999999971e-01
6.315209999999999990e-01 2.809900000000000175e-01
7.240330000000000377e-01 3.356799999999999784e-01
7.112690000000000401e-01 3.684499999999999997e-01
7.655849999999999600e-01 2.496099999999999985e-01
6.964890000000000247e-01 1.938699999999999868e-01
6.914120000000000266e-01 4.127899999999999903e-01
6.762899999999999467e-01 2.349999999999999867e-01
7.153329999999999966e-01 2.217300000000000104e-01
6.527389999999999581e-01 3.314599999999999769e-01
6.661569999999999991e-01 3.665800000000000169e-01
6.955209999999999448e-01 2.664900000000000047e-01
8.395529999999999937e-01 3.477700000000000236e-01
6.730080000000000506e-01 3.466400000000000037e-01
7.197249999999999481e-01 3.656800000000000050e-01
7.521769999999999845e-01 2.040899999999999936e-01
7.944689999999999808e-01 3.000499999999999834e-01
7.269809999999999883e-01 3.285600000000000187e-01
6.648929999999999563e-01 2.905499999999999750e-01
7.273079999999999545e-01 2.873999999999999888e-01
6.769920000000000382e-01 2.684599999999999764e-01
6.481019999999999559e-01 3.674600000000000088e-01
7.433819999999999872e-01 3.148500000000000187e-01
6.976059999999999484e-01 3.203599999999999781e-01
6.022279999999999855e-01 2.074900000000000078e-01
6.750580000000000469e-01 3.157499999999999751e-01
7.075120000000000298e-01 2.427999999999999881e-01
6.910209999999999964e-01 2.860099999999999865e-01
7.295179999999999998e-01 2.940400000000000236e-01
7.857950000000000212e-01 2.360800000000000121e-01
7.470240000000000213e-01 2.447100000000000108e-01
7.878659999999999553e-01 3.427999999999999936e-01
7.946180000000000465e-01 2.303600000000000092e-01
7.617949999999999999e-01 1.916499999999999870e-01
7.528749999999999609e-01 2.019700000000000106e-01
7.882409999999999695e-01 3.204000000000000181e-01
6.785600000000000520e-01 2.320000000000000118e-01
7.077569999999999695e-01 2.375400000000000011e-01
7.629190000000000138e-01 2.064799999999999969e-01
8.161110000000000309e-01 2.671000000000000041e-01
7.950049999999999617e-01 2.373899999999999899e-01
7.450959999999999805e-01 1.565100000000000102e-01
7.995659999999999989e-01 2.849300000000000166e-01
7.476129999999999720e-01 1.713899999999999868e-01
7.914419999999999789e-01 2.014799999999999924e-01
7.912900000000000489e-01 2.077700000000000102e-01
6.972129999999999717e-01 1.928100000000000092e-01
7.979650000000000354e-01 1.910600000000000076e-01
7.885860000000000092e-01 1.897300000000000098e-01
7.933029999999999804e-01 2.157799999999999996e-01
7.612719999999999487e-01 2.570700000000000207e-01
7.601569999999999716e-01 2.212899999999999867e-01
7.179980000000000251e-01 2.057400000000000062e-01
7.406930000000000458e-01 2.605299999999999838e-01
8.286980000000000457e-01 2.126399999999999957e-01
7.898640000000000105e-01 1.447799999999999920e-01
8.157569999999999544e-01 1.704100000000000059e-01
8.329229999999999690e-01 1.243999999999999967e-01
7.878830000000000000e-01 2.123800000000000132e-01
8.601440000000000197e-01 2.028300000000000103e-01
7.869840000000000169e-01 2.647900000000000253e-01
7.897049999999999903e-01 2.591899999999999760e-01
8.524150000000000338e-01 1.475700000000000067e-01
7.721660000000000190e-01 2.270300000000000096e-01
8.082449999999999912e-01 2.597599999999999909e-01
8.480429999999999913e-01 2.246199999999999863e-01
8.268170000000000242e-01 1.304899999999999949e-01
7.809989999999999988e-01 1.678499999999999992e-01
7.458810000000000162e-01 1.713800000000000046e-01
8.259260000000000490e-01 1.589299999999999879e-01
7.250919999999999588e-01 2.291100000000000081e-01
7.632640000000000535e-01 1.630999999999999950e-01
8.331260000000000332e-01 1.983600000000000085e-01
7.439529999999999754e-01 8.549700000000000355e-02
7.694779999999999953e-01 2.056999999999999940e-01
7.365429999999999477e-01 1.971100000000000074e-01
7.478850000000000220e-01 1.680300000000000127e-01
8.614699999999999580e-01 1.028799999999999992e-01
7.867779999999999774e-01 1.544099999999999917e-01
7.881780000000000452e-01 2.318999999999999950e-01
8.864640000000000297e-01 1.985500000000000043e-01
8.437789999999999457e-01 2.398599999999999899e-01
7.968260000000000343e-01 1.445599999999999941e-01
8.875920000000000476e-01 2.025000000000000133e-01
8.605620000000000491e-01 3.794000000000000150e-02
7.603379999999999583e-01 2.001999999999999891e-01
8.052369999999999806e-01 1.657800000000000107e-01
9.614270000000000316e-01 1.129600000000000048e-01
8.346449999999999703e-01 1.583700000000000108e-01
8.350319999999999965e-01 1.581100000000000005e-01
8.419229999999999769e-01 4.494000000000000078e-02
7.697619999999999463e-01 2.213499999999999912e-01
8.989390000000000436e-01 2.288300000000000056e-01
8.473850000000000549e-01 1.830400000000000083e-01
9.307229999999999670e-01 1.887000000000000066e-01
8.817730000000000290e-01 8.968299999999999883e-02
8.725619999999999488e-01 6.533999999999999531e-02
8.885570000000000412e-01 1.168199999999999933e-01
8.654819999999999736e-01 6.192099999999999688e-02
8.032850000000000268e-01 1.167600000000000027e-01
8.249499999999999611e-01 1.443300000000000138e-01
8.843809999999999727e-01 1.040100000000000052e-01
8.916089999999999849e-01 8.997800000000000242e-02
8.598409999999999664e-01 4.813900000000000123e-02
9.147499999999999520e-01 3.519400000000000306e-02
9.594340000000000090e-01 1.580000000000000016e-01
8.562560000000000171e-01 8.426599999999999369e-02
9.627719999999999612e-01 1.007600000000000023e-01
9.598670000000000258e-01 1.149099999999999983e-01
9.882030000000000536e-01 1.842799999999999994e-01
9.424949999999999717e-01 3.653300000000000297e-02
8.681330000000000435e-01 8.476599999999999413e-02
9.102740000000000276e-01 1.323000000000000009e-01
8.824560000000000182e-01 1.463899999999999924e-01
9.178790000000000004e-01 1.010400000000000048e-01
9.919980000000000464e-01 1.439900000000000069e-01
1.023719999999999963e+00 1.707700000000000051e-01
8.779620000000000202e-01 2.618600000000000094e-02
9.099439999999999751e-01 7.698000000000000675e-02
9.235790000000000388e-01 1.330600000000000116e-01
8.969000000000000306e-01 1.675899999999999916e-03
7.791799999999999837e-01 8.963699999999999446e-02
9.533120000000000482e-01 1.209500000000000020e-01
8.664629999999999832e-01 9.386300000000000199e-02
9.642089999999999828e-01 1.242999999999999938e-01
9.129570000000000185e-01 -1.863100000000000173e-02
9.290659999999999474e-01 4.091299999999999798e-02
1.012950000000000017e+00 1.865999999999999881e-01
8.992320000000000313e-01 1.572999999999999954e-01
9.032670000000000421e-01 9.832599999999999674e-02
9.895829999999999904e-01 3.812800000000000217e-02
8.796490000000000142e-01 1.493899999999999950e-01
8.945920000000000538e-01 6.683600000000000652e-02
9.536930000000000129e-01 3.579800000000000343e-02
9.571359999999999868e-01 6.598600000000000299e-02
9.050089999999999524e-01 6.316399999999999793e-02
1.064219999999999944e+00 4.664599999999999996e-02
9.112770000000000037e-01 8.015999999999999515e-02
8.799289999999999612e-01 3.300199999999999662e-02
7.917950000000000266e-01 7.306200000000000194e-02
9.352909999999999835e-01 -9.858199999999999255e-03
9.241580000000000350e-01 -1.595500000000000043e-02
9.537299999999999667e-01 8.573100000000000165e-02
8.850149999999999961e-01 -3.988300000000000178e-02
9.162940000000000529e-01 1.141400000000000053e-01
9.837409999999999766e-01 1.430200000000000082e-01
8.622630000000000017e-01 9.029199999999999379e-03
9.887259999999999938e-01 2.903400000000000078e-02
9.395440000000000458e-01 6.468000000000000138e-02
9.159950000000000037e-01 -7.522899999999999900e-03
9.182059999999999667e-01 3.416900000000000059e-03
9.149070000000000258e-01 1.097700000000000065e-01
9.806869999999999754e-01 3.621800000000000019e-02
9.483110000000000150e-01 7.889699999999999491e-02
9.185060000000000446e-01 -2.752599999999999839e-02
1.056000000000000050e+00 -3.753200000000000286e-02
9.068540000000000489e-01 -5.320699999999999735e-02
1.046119999999999939e+00 -1.147900000000000031e-01
1.009269999999999889e+00 -3.333000000000000025e-03
9.509520000000000195e-01 4.565199999999999814e-02
8.983710000000000306e-01 5.431599999999999970e-03
9.131789999999999630e-01 5.561599999999999877e-02
1.001139999999999919e+00 3.867300000000000165e-03
9.818179999999999685e-01 -4.484799999999999898e-02
